
nb_chirurgiens = 3;
nb_salles = 2;
nb_operations = 20;
nb_type_operations = 1;
nb_type_materiel = 0;
nb_materiels = 0;
nb_patients = 20;
temps_infection = 0;
temps_latex = 0;
TP = [0, 0, 0, 0, 0, 0, 0, 0, 0, 0, 0, 0, 0, 0, 0, 0, 0, 0, 0, 0];
TC = [65, 85, 321, 69, 30, 266, 137, 205, 183, 15, 11, 56, 62, 48, 95, 96, 31, 57, 50, 35];
TN = [0, 0, 0, 0, 0, 0, 0, 0, 0, 0, 0, 0, 0, 0, 0, 0, 0, 0, 0, 0];
TPR = [0, 0, 0, 0, 0, 0, 0, 0, 0, 0, 0, 0, 0, 0, 0, 0, 0, 0, 0, 0];
TCR = [65, 85, 321, 69, 30, 266, 137, 205, 183, 15, 11, 56, 62, 48, 95, 96, 31, 57, 50, 35];
TNR = [0, 0, 0, 0, 0, 0, 0, 0, 0, 0, 0, 0, 0, 0, 0, 0, 0, 0, 0, 0];
I = [0, 0, 0, 0, 0, 0, 0, 0, 0, 0, 0, 0, 0, 0, 0, 0, 0, 0, 0, 0];
L = [0, 0, 0, 0, 0, 0, 0, 0, 0, 0, 0, 0, 0, 0, 0, 0, 0, 0, 0, 0];
H = [0, 0, 0, 0, 0, 0, 0, 0, 0, 0, 0, 0, 0, 0, 0, 0, 0, 0, 0, 0];
ID_chirurgiens = [0, 1, 2];
Nom_chirurgiens = ['Chir_0', 'Chir_1', 'Chir_2'];
ID_operations = [0, 1, 2, 3, 4, 5, 6, 7, 8, 9, 10, 11, 12, 13, 14, 15, 16, 17, 18, 19];
Nom_operations = ['Op_0', 'Op_1', 'Op_2', 'Op_3', 'Op_4', 'Op_5', 'Op_6', 'Op_7', 'Op_8', 'Op_9', 'Op_10', 'Op_11', 'Op_12', 'Op_13', 'Op_14', 'Op_15', 'Op_16', 'Op_17', 'Op_18', 'Op_19'];
horaire_debut = [0, 0, 0];
horaire_fin = [1440, 1440, 1440];
nombre_de_salles_par_chirurgiens = [2, 2, 2];
C = [[0, 1, 0, 0, 1, 1, 0, 0, 1, 1, 0, 0, 0, 0, 1, 0, 0, 0, 0, 1], [1, 0, 0, 0, 0, 0, 0, 0, 0, 0, 1, 0, 0, 0, 0, 1, 0, 1, 1, 0], [0, 0, 1, 1, 0, 0, 1, 1, 0, 0, 0, 1, 1, 1, 0, 0, 1, 0, 0, 0]];
A = [[1, 1], [1, 1], [1, 1], [1, 1], [1, 1], [1, 1], [1, 1], [1, 1], [1, 1], [1, 1], [1, 1], [1, 1], [1, 1], [1, 1], [1, 1], [1, 1], [1, 1], [1, 1], [1, 1], [1, 1]];
T = [[1], [1], [1], [1], [1], [1], [1], [1], [1], [1], [1], [1], [1], [1], [1], [1], [1], [1], [1], [1]];
TCSTO = [[0]];
E = [[[]], [[]], [[]]];
Parametres_Log_Normale = [[4.223935833, 0.698340653, 9.997175388], [4.535940277, 0.610757267, 9.997309849], [5.115594529, 0.711527742, 0.0], [3.872072422, 0.366455345, 0.844631289], [3.740198278, 0.525501908, 9.9999], [4.350849218, 0.730968513, 9.995941464], [4.147838762, 0.739916221, 2.9999], [5.115594529, 0.711527742, 0.0], [5.482789533, 0.370578885, 9.999575786], [2.614994291, 0.392378062, 6.997833995], [2.117072622, 0.858148205, 5.9999], [4.36575897, 0.476596305, 0.0], [4.649021615, 0.28762472, 0.0], [3.253966183, 0.608381746, 11.9999], [3.98188206, 0.631931442, 67.9999], [4.181670887, 0.593759746, 6.9999], [3.065111429, 0.396564102, 8.999899998], [3.193557009, 0.499738684, 45.9969943], [3.306014272, 0.676025211, 18.87036388], [2.880276221, 0.637720215, 11.9999]];
B=[[]];
D=[];
TS=[];
